Activity Coefficients for Ethanol-Water Mixtures                                  281


         T a b l e I. C o n t i n u e d

     m               A E /m V             7• (exp)     m        AE/mV      7• (exp)

                     60 wt% c                                   70 wt% c
   0.02000               69.9               0.726    0.06000        20.9     0.554
   0.03000               52.1               0.684    0.07000        14.3     0.541
   0.04000               39.3               0.659    0.08000         8.7     0.528
   0.05000               29.7               0.635    0.09000         3.8     0.516
   0.06000               21.7               0.618    0.1000          0.0     0.500
   0.06999               15.3               0.601    0.1889        -25.9     0.438
   0.08001                9.4               0.589    0.2499        -37.4     0.413
   0.09001                 4.6              0.575    0.3000        -44.5     0.396
   0.1000                  0.0              0.566    0.3500        -51.2     0.387
   0.2000              -28.4                0.492    0.3997        -56.1     0.372
   0.3000              -45.4                0.456    0.4500        -61.5     0.367
   0.4000               -57.0               0.429    0.5044        -65.8     0.356
   0.5000               -66.8               0.415
   0.5997               -74.1               0.399
   0.7000               -81.1               0.392
   0.7999               -86.6               0.382
   0.9000               -92.0               0.377
   0.9996               -97.1               0.375
    1.027               -97.6               0.368
                     80 wt% c                                   90 wt%d
   0.003001            146.6                0.791    0.003500       44.3      0.739
   0.004000            133.6                0.764    0.003998       38.8      0.719
   0.005000            123.5                0.745    0.004501       33.8      0.704
   0.006000             115.8               0.720    0.005000       29.1      0.695
   0.007000             109.0               0.705    0.005931       21.9      0.674
   0.008002             103.1               0.691    0.006998       15.2      0.651
   0.008999              98.4               0.674    0.008047        8.9      0.640
   0.01000               94.1               0.659    0.008771        5.6      0.626
   0.03999               36.8               0.503    0.01005         0.0      0.609
   0.04999               28.5               0.472    0.02000       -28.4      0.531
   0.06001                19.8              0.466    0.02501       -36.9      0.501
   0.07000                13.2              0.455    0.03000       -44.3      0.483
   0.08001                 8.4              0.437    0.03500       -50.2      0.464
   0.08999                 3.6              0.427    0.03999       -55.3      0.448
   0.1000                  0.0              0.411

a mR = 0.09987. b mR = 0.09988. c mR = 0.1000. d mR = 0.01005.
