280                       Esteso, Gonzalez-l)iaz, Hernandez-Luis, and Fernandez-Merida


            T a b l e I. E x p e r i m e n t a l A E a n d ~,_+ as a F u n c t i o n o f the NaC1
                          Molality for Ethanol-Water Mixtures

        m              AE/mV           ~'• (exp)             m            AE/mV            5'• (exp)

                      20 wt% a                                            40 wt% b
  0.004014              152.8             0.919           0.002999            162.8           0.908
  0.004499              147.0             0.918           0.003996            148.9           0.894
  0.005000              141.9             0.913           0.005001            137.7           0.887
  0.006003              132.9             0.906           0.007000            121.7           0.866
  0.007006              125.6             0.894           0.008958            109.8           0.853
  0.009002              113.4             0.883           0.01997               71.6          0.804
  0.01030               106.9             0.875           0.03055               52.1          0.768
  0.01894                 77.5            0.844           0.04000               40.4          0.737
  0.02999                 55.5            0.818           0.05001               30.4          0.716
  0.04005                 42.6            0.788           0.06000               22.3          0.699
  0.04997                 32.0            0.776           0.07001               15.0          0.691
  0.06002                 23.7            0.759           0.07998                9.4          0.674
  0.07005                 16.2            0.753           0.09003                4.0          0.665
  0.08302                  8.9            0.731           0.09988                0.0          0.648
  0.08994                  5.2            0.726           0.1998               -31.7          0.600
  0.09987                  0.0            0.723           0.2996               -49.3          0.563
  0.1005                  -0.9            0.730           0.4001               -61.8          0.538
  0.1999                 -31.6            0.668           0.5002               -71.3          0.518
  0.3023                 -51.1            0.646           0.6016               -79.8          0.508
  0.3997                 -63.1            0.617           0.8001               -92.6          0.490
  0.4999                 -74.0            0.610           0.8998               -97.7          0.481
  0.5972                 -81.6            0.592           1.000             - 102.9           0.479
  0.9021               - 101.9            0.582           1.210             - 111.0           0.464
  1.002                -106.2             0.570           1.400             -119.0            0.468
  1.179                - 115.0            0.574           1.498              - 122.1          0.465
  1.401                -122.8             0.562
  1.600                -130.7             0.574
  2.000                -142.7             0.580
                       60 wt% c                                           70 wt% c
      0.004001           143.7             0.863          0.01000             97.2            0.754
      0.005000           133.0             0.850          0.02000             66.5            0.685
      0.006001           124.7             0.832          0.03000             49.0            0.642
      0.007000           117.5             0.821          0.04000             37.7            0.600
      0.007997           111.5             0.808          0.04998             28.2            0.578
